----- ACTUAL TABLE -----

self.line_segments = [
    ((0.1346, 0.4572), (0.8147, 0.4572)),
    ((0.868785228149406, 0.474264), (0.924562160209359, 0.5162)),
    ((0.0499787766576, 0.5162122073954), (0.078405956002, 0.4826978086535)),
    ((0.1346, -0.4572), (0.8147, -0.4572)),
    ((0.868785228149406, -0.474264), (0.924562160209359, -0.5162)),
    ((0.0499787766576, -0.5162122073954), (0.078405956002, -0.4826978086535)),
    ((-0.1346, 0.4572), (-0.8147, 0.4572)),
    ((-0.868785228149406, 0.474264), (-0.924562160209359, 0.5162)),
    ((-0.0499787766576, 0.5162122073954), (-0.078405956002, 0.4826978086535)),
    ((-0.1346, -0.4572), (-0.8147, -0.4572)),
    ((-0.868785228149406, -0.474264), (-0.924562160209359, -0.5162)),
    ((-0.0499787766576, -0.5162122073954), (-0.078405956002, -0.4826978086535)),
    ((0.9144, -0.3575), (0.9144, 0.3575)),
    ((0.932464, 0.41158522815), (0.9744, 0.467362160211)),
    ((0.932464, -0.41158522815), (0.9744, -0.467362160211)),
    ((-0.9144, -0.3575), (-0.9144, 0.3575)),
    ((-0.932464, 0.41158522815), (-0.9744, 0.467362160211)),
    ((-0.932464, -0.41158522815), (-0.9744, -0.467362160211))
]

self.circles = [
            (1.0044, 0.3575, 0.09), (1.0044, -0.3575, 0.09),
            (-1.0044, 0.3575, 0.09), (-1.0044, -0.3575, 0.09),
            (0.8147, 0.5472, 0.09), (0.1346, 0.5322, 0.075),
            (0.8147, -0.5472, 0.09), (0.1346, -0.5322, 0.075),
            (-0.8147, 0.5472, 0.09), (-0.1346, 0.5322, 0.075),
            (-0.8147, -0.5472, 0.09), (-0.1346, -0.5322, 0.075)
        ]

----- RECTANGLE TEST -----
self.line_segments = [
            ((-0.9144, -0.4572), (-0.9144, 0.4572)),
            ((-0.9144, 0.4572), (0.9144, 0.4572)),
            ((0.9144, 0.4572), (0.9144, -0.4572)),
            ((0.9144, -0.4572), (-0.9144, -0.4572))
        ]

self.circles = []